Month,categoryname,Distinct_Customers,Orders,Sales,Qty
200703,Meat/Poultry,5,5,3271.6,102
200802,Seafood,19,21,11591.69,564
200705,Condiments,8,9,5728.8,300
200805,Condiments,3,3,1074,59
200705,Produce,4,4,3481.2,71
200707,Confections,11,13,6968.03,210
200805,Grains/Cereals,2,2,4421,136
200704,Confections,11,11,11714.65,394
200705,Grains/Cereals,4,5,2551.5,149
200612,Confections,9,9,6550.4,240
200702,Seafood,6,8,2283.8,147
200706,Meat/Poultry,5,5,5006.3,130
200702,Grains/Cereals,7,9,5043.4,216
200708,Condiments,7,7,4501.8,206
200803,Beverages,23,33,28729.25,925
200709,Beverages,7,8,6198.75,174
200702,Produce,5,5,2698.8,103
200609,Confections,9,10,6450.5,248
200805,Seafood,6,7,1262.16,118
200710,Dairy Products,14,15,13745,422
200711,Condiments,8,8,3854.8,172
200611,Condiments,5,5,6918.3,294
200706,Beverages,14,14,3602,313
200609,Meat/Poultry,4,4,4538.5,100
200709,Meat/Poultry,7,7,12406.54,176
200801,Confections,19,23,12387.75,483
200712,Meat/Poultry,10,11,14706.43,259
200607,Dairy Products,9,9,7385.6,304
200707,Dairy Products,9,11,13570.1,374
200708,Seafood,12,12,8997.2,302
200705,Seafood,12,14,6371.15,401
200703,Beverages,12,14,11027.2,471
200804,Confections,15,16,9183.53,438
200708,Produce,6,6,4455,119
200802,Produce,4,4,1202.8,37
200610,Dairy Products,9,11,8117.6,367
200701,Confections,17,18,9582.3,623
200708,Grains/Cereals,8,9,5529.25,204
200805,Produce,4,4,1333.05,45
200802,Dairy Products,11,12,11277,446
200608,Condiments,7,7,2333.8,154
200802,Grains/Cereals,9,9,4127.75,211
200702,Condiments,5,6,6618.4,393
200709,Condiments,9,9,3748.9,222
200612,Beverages,10,11,11768,305
200804,Beverages,28,35,24470,1092
200704,Beverages,14,14,7377.5,268
200707,Meat/Poultry,5,5,4902.3,179
200712,Beverages,18,20,11675.25,498
200705,Dairy Products,16,17,11491.5,494
200805,Dairy Products,3,3,636,35
200710,Seafood,11,14,7322.27,431
200610,Seafood,9,10,6605,310
200612,Meat/Poultry,8,8,9423,309
200701,Beverages,7,8,24224.4,330
200710,Meat/Poultry,9,11,14703.23,378
200802,Confections,16,18,10026.15,432
200608,Produce,2,2,812.8,22
200702,Dairy Products,12,12,5616,248
200608,Grains/Cereals,2,2,270.6,11
200608,Dairy Products,8,9,4918.4,250
200707,Seafood,7,9,8452.3,366
200704,Seafood,9,9,4518.3,241
200701,Meat/Poultry,10,10,7775.8,219
200801,Meat/Poultry,8,8,5603.17,133
200805,Confections,7,7,2459.45,179
200803,Condiments,13,17,11018.3,378
200703,Grains/Cereals,6,6,3350,174
200611,Produce,3,3,2413.2,63
200703,Produce,4,5,3676.8,122
200803,Produce,15,15,13168,351
200702,Confections,14,15,7413.5,425
200711,Grains/Cereals,9,10,6266,310
200610,Confections,10,11,3797.1,187
200803,Grains/Cereals,13,13,3510.5,189
200711,Dairy Products,14,15,13597.1,344
200804,Meat/Poultry,11,13,22612.88,405
200703,Condiments,4,6,1905.9,150
200611,Grains/Cereals,5,5,2599.8,139
200804,Seafood,21,24,10312.3,630
200611,Dairy Products,9,9,7738.8,372
200609,Beverages,9,10,5131.6,285
200704,Meat/Poultry,6,6,6846.24,93
200801,Beverages,27,30,28558,622
200706,Condiments,6,6,1886.85,95
200710,Confections,11,15,8051.55,390
200607,Confections,8,8,6261,245
200711,Produce,5,5,3268.25,81
200701,Seafood,7,8,2074.3,154
200708,Dairy Products,9,10,7375.5,256
200607,Seafood,7,7,2770.5,187
200706,Seafood,8,9,3477.25,144
200711,Confections,7,10,5271.16,255
200801,Condiments,12,13,5000.45,269
200607,Meat/Poultry,4,4,2722.2,76
200609,Condiments,3,3,1864,110
200801,Produce,6,6,1639,58
200609,Produce,2,2,1164.8,32
200712,Produce,9,10,13047.15,315
200608,Confections,10,10,5224.8,170
200709,Grains/Cereals,11,12,5755.75,262
200701,Condiments,8,8,5698.8,271
200801,Grains/Cereals,15,16,12573.75,544
200609,Grains/Cereals,4,4,819.2,32
200709,Dairy Products,12,14,12054,435
200801,Seafood,18,20,15644.6,735
200702,Meat/Poultry,7,9,8442.9,380
200712,Condiments,9,9,6252.6,257
200607,Beverages,10,11,3438,272
200706,Produce,6,6,6231,149
200708,Confections,9,10,8025.3,335
200612,Produce,9,9,3681.8,195
200706,Dairy Products,11,13,9507.7,405
200709,Produce,4,4,2887.25,73
200706,Grains/Cereals,9,10,6882.5,292
200805,Meat/Poultry,3,3,4116,128
200704,Condiments,9,11,5903,259
200612,Grains/Cereals,5,5,2353.2,128
200609,Seafood,7,8,3377.4,177
200610,Beverages,11,12,8793.2,301
200612,Seafood,11,13,3424.4,288
200705,Meat/Poultry,7,7,3548.05,136
200802,Beverages,20,22,35869.5,834
200710,Beverages,14,17,9043,491
200703,Dairy Products,10,11,9844.4,311
200712,Seafood,14,14,6201.6,274
200803,Dairy Products,19,23,14990.8,581
200612,Condiments,3,3,1587.2,82
200707,Beverages,13,14,8343.5,327
200802,Meat/Poultry,9,11,23739.86,302
200610,Meat/Poultry,5,5,3914.1,153
200804,Condiments,14,17,10737.5,446
200705,Confections,9,9,7997.5,291
200611,Confections,8,8,3227.8,267
200709,Seafood,12,16,9489.33,630
200712,Grains/Cereals,9,11,5810.75,202
200701,Grains/Cereals,5,6,4570.2,232
200708,Beverages,14,16,6154,334
200608,Beverages,9,11,5036.4,347
200611,Meat/Poultry,8,8,5887.2,201
200803,Meat/Poultry,8,8,4203.66,92
200803,Confections,21,25,24302.85,880
200711,Meat/Poultry,2,2,1068,32
200701,Produce,5,5,2895,124
200801,Dairy Products,17,19,19448,622
200701,Dairy Products,8,9,9872,448
200609,Dairy Products,7,8,4290,140
200705,Beverages,11,12,15654,322
200611,Beverages,12,12,19712,332
200802,Condiments,10,12,6727.2,289
200712,Confections,15,16,9191.98,471
200608,Meat/Poultry,6,6,3807.2,111
200610,Condiments,6,7,4577.2,183
200804,Produce,13,13,15073,367
200710,Grains/Cereals,5,5,3392,112
200804,Grains/Cereals,13,15,5789.25,297
200703,Confections,11,11,3324.9,265
200711,Seafood,15,16,8554.05,414
200703,Seafood,10,10,3579.1,175
200804,Dairy Products,30,33,36452.1,1005
200612,Dairy Products,14,16,12165.4,653
200607,Produce,5,5,4163.4,156
200702,Beverages,9,12,3090.4,220
200707,Condiments,8,9,6798.7,300
200607,Grains/Cereals,4,4,1273.6,83
200709,Confections,15,16,7192.5,371
200707,Produce,2,2,1650,55
200707,Grains/Cereals,8,8,4780,243
200706,Confections,6,6,2494.4,107
200710,Produce,4,4,7291,185
200607,Condiments,6,6,2177.8,139
200608,Seafood,7,9,4205.4,257
200611,Seafood,4,4,1206.9,67
200710,Condiments,10,12,6780.45,270
200708,Meat/Poultry,5,5,4943.64,105
200711,Beverages,10,10,4034,248
200805,Beverages,8,8,4597,221
200610,Produce,4,4,2898.2,81
200704,Produce,6,6,6137.1,186
200704,Dairy Products,8,8,6647,231
200704,Grains/Cereals,9,9,6555.6,240
200712,Dairy Products,13,16,10590.5,406
200610,Grains/Cereals,7,7,2501.2,156
200803,Seafood,24,29,9902.09,669
